k;j;temps1;1;41.793
1;11;36.349
1;21;38.201
1;31;37.084
1;41;37.475
1;51;36.187
1;61;37.625
1;71;37.917
1;81;36.031
1;91;39.723
11;1;31.998
11;11;17.694
11;21;18.8
11;31;19.0
11;41;19.993
11;51;19.498
11;61;19.487
11;71;19.162
11;81;19.031
11;91;19.33
20;2;18.474
20;4;14.145
20;6;13.877
20;8;12.505
20;10;13.918
20;12;12.909
20;14;12.204
20;16;12.8
20;18;12.978
20;20;13.451
20;22;12.314
20;24;12.739
20;26;13.714
20;28;14.457
20;30;14.503
20;32;13.135
20;34;13.524
20;36;13.323
20;38;14.865
21;1;21.889
21;11;12.786
21;21;12.106
21;31;12.381
21;41;14.242
21;51;13.002
21;61;13.475
21;71;13.586
21;81;13.13
21;91;12.731
22;2;16.543
22;4;14.34
22;6;12.545
22;8;13.016
22;10;12.719
22;12;12.563
22;14;12.76
22;16;12.542
22;18;11.717
22;20;12.516
22;22;12.491
22;24;12.003
22;26;12.658
22;28;13.297
22;30;12.71
22;32;12.635
22;34;12.351
22;36;12.385
22;38;12.922
24;2;15.396
24;4;13.092
24;6;13.001
24;8;12.285
24;10;12.479
24;12;12.376
24;14;12.005
24;16;11.578
24;18;12.374
24;20;12.011
24;22;12.327
24;24;12.465
24;26;12.271
24;28;11.975
24;30;13.409
24;32;12.348
24;34;12.363
24;36;12.253
24;38;13.195
26;2;15.076
26;4;13.237
26;6;12.446
26;8;11.944
26;10;12.187
26;12;11.787
26;14;12.233
26;16;12.11
26;18;11.655
26;20;12.418
26;22;11.629
26;24;12.513
26;26;12.183
26;28;11.855
26;30;12.363
26;32;11.902
26;34;13.493
26;36;12.553
26;38;11.98
28;2;15.171
28;4;12.785
28;6;12.152
28;8;12.269
28;10;12.213
28;12;12.477
28;14;12.17
28;16;12.337
28;18;11.379
28;20;12.167
28;22;11.69
28;24;12.331
28;26;12.021
28;28;11.552
28;30;11.83
28;32;11.891
28;34;12.212
28;36;11.589
28;38;12.273
30;2;14.634
30;4;13.732
30;6;11.694
30;8;12.997
30;10;11.439
30;12;12.236
30;14;11.618
30;16;11.356
30;18;11.265
30;20;11.093
30;22;11.766
30;24;11.542
30;26;11.686
30;28;11.517
30;30;11.086
30;32;11.453
30;34;11.843
30;36;12.007
30;38;11.975
31;1;15.563
31;11;11.649
31;21;11.874
31;31;11.683
31;41;11.594
31;51;12.39
31;61;11.829
31;71;12.667
31;81;12.014
31;91;12.717
32;2;14.468
32;4;12.889
32;6;12.179
32;8;11.834
32;10;13.429
32;12;11.97
32;14;11.698
32;16;11.513
32;18;11.202
32;20;12.366
32;22;11.223
32;24;11.635
32;26;11.536
32;28;11.28
32;30;12.056
32;32;11.355
32;34;11.895
32;36;10.988
32;38;11.47
34;2;14.115
34;4;12.956
34;6;11.843
34;8;11.37
34;10;11.949
34;12;11.449
34;14;11.025
34;16;11.12
34;18;11.679
34;20;11.592
34;22;10.985
34;24;11.467
34;26;10.979
34;28;11.34
34;30;11.411
34;32;11.951
34;34;12.022
34;36;11.18
34;38;11.41
36;2;15.028
36;4;12.68
36;6;11.487
36;8;12.768
36;10;11.071
36;12;11.051
36;14;10.852
36;16;11.19
36;18;11.016
36;20;10.939
36;22;10.749
36;24;11.749
36;26;10.855
36;28;10.97
36;30;11.363
36;32;10.983
36;34;11.458
36;36;11.42
36;38;10.673
38;2;13.547
38;4;12.014
38;6;11.189
38;8;11.231
38;10;11.238
38;12;10.664
38;14;11.091
38;16;10.914
38;18;10.627
38;20;11.363
38;22;12.05
38;24;11.783
38;26;11.227
38;28;10.501
38;30;11.505
38;32;11.073
38;34;11.626
38;36;11.702
38;38;10.879
40;2;12.495
40;4;12.182
40;6;11.167
40;8;11.806
40;10;11.005
40;12;10.675
40;14;11.316
40;16;10.899
40;18;10.857
40;20;10.823
40;22;11.162
40;24;11.297
40;26;11.132
40;28;11.349
40;30;10.924
40;32;10.715
40;34;11.389
40;36;11.207
40;38;11.615
41;1;14.629
41;11;11.034
41;21;11.038
41;31;11.577
41;41;11.124
41;51;11.318
41;61;11.135
41;71;11.343
41;81;11.304
41;91;11.336
42;2;13.739
42;4;11.721
42;6;11.613
42;8;11.546
42;10;11.025
42;12;10.911
42;14;11.371
42;16;11.184
42;18;11.47
42;20;10.55
42;22;11.627
42;24;12.05
42;26;12.048
42;28;10.951
42;30;11.181
42;32;11.595
42;34;10.934
42;36;10.609
42;38;11.259
44;2;12.398
44;4;11.663
44;6;11.58
44;8;11.051
44;10;10.601
44;12;10.813
44;14;11.132
44;16;11.25
44;18;10.764
44;20;10.903
44;22;10.919
44;24;11.39
44;26;11.943
44;28;11.302
44;30;11.073
44;32;10.881
44;34;10.865
44;36;10.986
44;38;11.206
46;2;11.641
46;4;11.702
46;6;11.193
46;8;11.256
46;10;10.8
46;12;11.099
46;14;10.668
46;16;11.48
46;18;10.854
46;20;11.01
46;22;11.088
46;24;11.272
46;26;11.578
46;28;11.285
46;30;11.647
46;32;11.009
46;34;11.553
46;36;12.054
46;38;10.839
48;2;11.813
48;4;11.0
48;6;11.414
48;8;11.142
48;10;10.941
48;12;11.064
48;14;11.256
48;16;11.393
48;18;10.743
48;20;11.097
48;22;10.849
48;24;11.349
48;26;11.32
48;28;11.061
48;30;11.113
48;32;11.533
48;34;11.021
48;36;10.743
48;38;11.046
51;1;15.632
51;11;12.151
51;21;11.845
51;31;11.415
51;41;12.016
51;51;13.192
51;61;12.489
51;71;11.687
51;81;12.278
51;91;12.191
61;1;13.612
61;11;12.075
61;21;11.964
61;31;12.014
61;41;12.005
61;51;11.338
61;61;12.186
61;71;11.889
61;81;11.995
61;91;11.931
71;1;13.168
71;11;13.204
71;21;12.249
71;31;13.062
71;41;12.719
71;51;12.919
71;61;12.03
71;71;12.374
71;81;12.457
71;91;12.266
81;1;13.014
81;11;12.967
81;21;12.741
81;31;12.406
81;41;12.638
81;51;13.315
81;61;12.849
81;71;13.208
81;81;12.7
81;91;12.068
91;1;12.977
91;11;12.971
91;21;12.958
91;31;13.062
91;41;12.919
91;51;13.49
91;61;13.37
91;71;13.811
91;81;12.935
91;91;13.557
